NUM_OUT
1
SAMPLING_FREQ
1024
NUM_SECTION
4
SEGMENT
11
131072 2 12 16 
65536 2 12 16
32768 2 12 16
16384 2 12 16
8192 2 12 16
4096 2 12 16
2048 2 12 16
1024 2 12 16
512 2 12 16
256 2 12 16
128 2 12 16
AZIMUTH
  0.0
 -7.70 82.30
 -7.46 82.54
ATS_BINARY
MFS_CAL
../../../Calibration_File/MFS07e/MFS07e#31/MFS07e031_20100217.TXT
../../../Calibration_File/MFS06/MFS06#375/MFS06375_20230315.TXT
../../../Calibration_File/MFS06/MFS06#376/MFS06376_20090210.TXT
../../../Calibration_File/OKR/MFS06e549.TXT
../../../Calibration_File/OKR/MFS06e576.TXT
NOTCH
9
50 100 150 200 250 300 350 400 450
PREWHITENING
1
10
5
PROCEDURE
1
ERROR_ESTIMATION
3
BOOTSTRAP
1000
DATA_FILES
3686400
../../meas_2025-05-08_00-00-00/005_V01_C04_R025_THz_BL_1024H.ats
0
../../meas_2025-05-08_00-00-00/005_V01_C02_R025_THx_BL_1024H.ats
0
../../meas_2025-05-08_00-00-00/005_V01_C03_R025_THy_BL_1024H.ats
0
../../../OKR/1024Hz/meas_2025-06-01_16-00-00/383_V01_C02_R040_THx_BL_1024H.ats
3686400
../../../OKR/1024Hz/meas_2025-06-01_16-00-00/383_V01_C03_R040_THy_BL_1024H.ats
3686400
3686400
../../meas_2025-05-08_00-00-00/005_V01_C04_R026_THz_BL_1024H.ats
0
../../meas_2025-05-08_00-00-00/005_V01_C02_R026_THx_BL_1024H.ats
0
../../meas_2025-05-08_00-00-00/005_V01_C03_R026_THy_BL_1024H.ats
0
../../../OKR/1024Hz/meas_2025-06-02_16-00-00/383_V01_C02_R041_THx_BL_1024H.ats
3686400
../../../OKR/1024Hz/meas_2025-06-02_16-00-00/383_V01_C03_R041_THy_BL_1024H.ats
3686400
3686400
../../meas_2025-05-08_00-00-00/005_V01_C04_R027_THz_BL_1024H.ats
0
../../meas_2025-05-08_00-00-00/005_V01_C02_R027_THx_BL_1024H.ats
0
../../meas_2025-05-08_00-00-00/005_V01_C03_R027_THy_BL_1024H.ats
0
../../../OKR/1024Hz/meas_2025-06-03_16-00-00/383_V01_C02_R042_THx_BL_1024H.ats
3686400
../../../OKR/1024Hz/meas_2025-06-03_16-00-00/383_V01_C03_R042_THy_BL_1024H.ats
3686400
3686400
../../meas_2025-05-08_00-00-00/005_V01_C04_R028_THz_BL_1024H.ats
0
../../meas_2025-05-08_00-00-00/005_V01_C02_R028_THx_BL_1024H.ats
0
../../meas_2025-05-08_00-00-00/005_V01_C03_R028_THy_BL_1024H.ats
0
../../../OKR/1024Hz/meas_2025-06-04_16-00-00/383_V01_C02_R043_THx_BL_1024H.ats
3686400
../../../OKR/1024Hz/meas_2025-06-04_16-00-00/383_V01_C03_R043_THy_BL_1024H.ats
3686400
END
